[[193, 116, 51, 213, 147, 248, 6, 181, 150, 185],
 [166, 199, 161, 242, 34, 73, 97, 75, 183, 220],
 [44, 191, 223, 253, 88, 175, 10, 104, 206, 159],
 [14, 95, 238, 23, 38, 239, 194, 124, 180, 184],
 [27, 217, 224, 101, 0, 148, 210, 55, 111, 4],
 [61, 26, 21, 117, 241, 247, 42, 19, 216, 107],
 [72, 120, 103, 46, 20, 212, 69, 163, 243, 53],
 [87, 100, 215, 168, 186, 214, 131, 158, 208, 93],
 [7, 96, 57, 45, 179, 190, 54, 221, 196, 235],
 [144, 202, 24, 142, 99, 41, 203, 98, 167, 50],
 [66, 92, 40, 149, 211, 37, 170, 154, 68, 219],
 [17, 105, 33, 188, 182, 189, 127, 173, 143, 76],
 [130, 70, 151, 18, 47, 164, 225, 5, 16, 192],
 [108, 122, 177, 160, 244, 156, 63, 121, 123, 201],
 [11, 230, 157, 83, 237, 231, 106, 236, 146, 67],
 [85, 254, 15, 94, 136, 252, 197, 79, 139, 49],
 [240, 84, 245, 114, 218, 62, 155, 140, 39, 1],
 [65, 134, 249, 153, 162, 48, 222, 178, 176, 250],
 [113, 128, 30, 187, 71, 145, 82, 172, 132, 74],
 [60, 198, 78, 129, 13, 135, 43, 80, 141, 91],
 [233, 133, 22, 35, 115, 109, 207, 119, 12, 251],
 [227, 234, 86, 8, 229, 56, 77, 89, 32, 3],
 [171, 28, 58, 152, 228, 81, 200, 174, 126, 246],
 [31, 195, 165, 59, 255, 232, 138, 9, 102, 36],
 [52, 209, 110, 25, 64, 205, 204, 112, 90, 125],
 [29, 226, 2, 137, 169, 118]]
